4555605
2067535
5634005
2550195
5359625
5179395
4737855
5568495
5635005
5633555
5402355
3776435
5342955
3297845
1115518
5271665
3481335
4993045
3603955
2075345
2026855
5347415
5634305
911035
1899235
1670668
2128425
5350515
822215
2465455
1945835
5633205
2405135
338245
5530155
4935915
1957315
5193035
2641345
5341185
5536755
2502355
1758478
5293465
3561555
5535575
2195275
2559665
1167688
4292715
5607415
1875755
5292755
4939695
1211728
4694795
3251265
5091225
4971155
981515
3038555
1924605
1632138
1677998
5270515
2590545
25864
4169835
4722755
5536835
1470588
5636695
2559195
1923655
1187148
5546575
4128365
5593685
5637705
4969955
694975
5475655
5402015
2239365
5632415
2258215
1302598
2419845
2033335
1946295
5633425
731385
2131055
2227125
2524195
5240925
2230955
4512675
2622635
4521855
5636205
5282965
5583875
5417745
4435425
4789155
2197945
4669335
5516935
573585
5579365
5320035
123374
5606775
1617658
248846
1961095
855345
1631988
3525345
4965175
3510425
4971555
3634995
2201475
5635055
5115465
5462625
891255
5270545
4198515
4425685
3341255
2887035
5270555
1759858
3475905
5612705
5483165
5231335
1979785
2227115
5558855
2128545
3780205
1623718
1956935
1747858
3291925
5205225
2656205
5372295
2642595
2543485
1949935
5634835
2072175
1689458
5318555
1946915
1450348
5638505
4418485
3893115
2755895
2072525
3133665
5596835
5637115
3766925
434065
1001225
5333145
2194585
2612495
3448065
2120775
930175
5416035
5541995
5671915
1631978
673055
4768715
5537375
5590945
5415245
5426515
5086445
5270795
4867235
2067005
3513375
5379045
5369855
1898735
1916585
5181585
2303945
831555
5194635
4976565
1914935
5637865
5348425
4970015
5636835
4782985
893755
1940655
2423095
5607445
4965655
1991565
609075
2423725
1069078
5671535
5637495
2062405
5409745
1529988
5633705
4420555
1952835
4491475
5593345
5602345
3498805
5638655
563145
5497805
4866345
5636685
4538155
2337635
5540125
3970405
5090175
5323335
5547785
5597315
5538255
3078505
4710525
2455115
4972715
633305
5119435
5090475
2196425
5634175
2577185
1632458
5270595
2456185
5012285
2093955
5541475
4980555
5634825
2034475
3495725
1466078
5315475
5488875
5336795
3314615
1917545
4016455
5603455
2301875
141484
1599988
2165685
5676575
2771585
5404555
1961855
4976555
856985
5336685
5054775
4864185
1798018
2882515
2117735
5590675
5075895
2494515
4105605
1130408
1874725
4965645
2559105
2177165
2349665
1228348
5393785
1957725
2415425
2319355
5270535
5535605
1508508
5541465
2340425
4552445
5632105
5638085
1592348
2073875
5568365
4046495
2453835
4971065
3722385
985685
1376498
5633775
5317615
5611305
5634225
5343155
5637885
2558555
2069165
4970325
5284345
5270765
1859008
4466745
4734295
407115
2337215
3438775
2140625
5561855
1739618
892385
2521105
5118755
5181605
4839745
1527598
5322265
3474065
5270605
5637155
1527918
4692385
5406835
5425935
2338095
1955405
184436
4018495
3290655
5533035
2625965
2395275
5598315
2911555
2096285
1743298
4123835
4907185
5612345
5192285
1352288
4649375
2219185
2197395
2460845
4969305
5597915
2175715
1502318
5320795
5665535
1931575
5597985
5606885
5587715
5633945
2070585
5633035
4578915
4427445