5665885
336855
5340855
116792
793615
5310815
2631455
5054765
1149308
2408295
5539805
4601785
2399965
889405
2301855
453685
113262
5531635
1485778
2355435
2461565
2538615
5535815
5488865
5601595
1953995
5067895
3699825
4997635
5604215
5245195
5561015
2111665
5568575
5185335
5590445
4248145
4980485
658815
2644465
2395435
4042335
2563575
5417715
5192215
1148178
5270685
4447945
4418105
1843808
5536875
5597695
5569695
5542965
5058595
797815
5541385
2273625
284105
5192395
1927035
5635995
2329675
5271075
5632425
5404585
4043015
1367168
606115
5536845
5085385
2621025
2940325
1020198
4594735
2145585
5596505
2339075
5270475
5097035
1097988
604245
5606735
1249778
2570925
3663015
5632685
2459685
1896075
3813225
2034495
5639355
3835595
1119348
5301955
2030575
5376785
2879415
5540005
4827815
5401955
851085
1496108
4514355
2807755
5600725
5271125
2440925
2173055
4591675
4047905
4786045
5595865
5601035
2626775
2001295
2622795
1565508
4655685
1630058
1863058
5602265
1825988
5504275
1548088
590935
5594665
5522105
4278145
4593375
1900285
5671105
4255825
5514305
610285
4414245
5267965
5599345
5083355
3585885
5574905
5549185
5094205
5604035
5543005
5518835
4415235
4982705
2401905
1951145
4974795
5603515
5637585
5200195
2879795
5286285
5589355
5314685
3508205
2777565
5352505
5599215
5429485
4511375
5549145
5596725
5269375
2532645
5400755
5516985
5271255
878135
4967005
2072045
5599825
2119885
2194325
5634235
4416185
5323775
2069035
5118225
2569285
4962635
5637125
5271695
1794548
1955925
5337005
2275195
5634345
2408345
2162105
950565
5118245
4554795
5543095
3454775
5636525
1163198
4868805
2550205
5572885
2195945
1419478
1979795
4963335
5607385
5639115
5637745
1050978
2682335
289525
1189238
5110185
588095
794055
5332585
866355
5270715
4154205
1393278
5270735
5506145
1605988
1948565
4963275
5405095
1946895
5590275
5534105
1665708
1685698
5051555
5270615
4042555
5331505
1913495
3839975
565365
5665445
5224065
5390415
4999165
5665665
448265
1228428
192606
5606715
2013845
1510248
984498
384805
5672365
5337095
2644055
5606295
4971125
1961355
1962305
1459048
1473928
2568065
1883095
5273125
4590945
4218645
5310805
2578655
2381605
5535785
3464245
2177425
5672375
1804148
5535585
5670235
4255005
1955525
2356105
5402305
5634315
5162565
5593045
2120625
5594445
1757688
5598925
623145
3497605
3917425
5637445
4042625
1948765
4476895
1187998
2195705
4190815
5127225
5598705
4462285
5406405
2053335
478195
5270415
5600965
5593565
4993055
2932245
5637905
5279125
5600675
3296245
5363715
5002495
4611405
4123075
5633755
4054475
4970415
820455
5599235
4225365
5536925
5235715
5381065
5636845
1527878
2594885
5417735
5537395
4431495
4951995
3852155
384065
1952785
5337155
5597465
2227185
1996665
4967025
1527698
5538605
1168158
5636665
5270965
5590035
5637595
4572635
5597805
2549695
222386
5002075
4965915
2647885
4974945
1923515
5545165
3192475
5596625
273495
1834438
1818818
5632625
4969325
1877715
2457145
2120385
1645378
1711658
1677388
3614765
5066895
5632915
5405375
2120075
5634495
2338535
783235
1610788
5538425
5597505
2068155
2005865
1962365
2455195
4523855
332595
5591965
5632815
241746
5083785
1948365
1948745
2411385
5598365
5417685
2163745
2066975
4967295
5012515
4168645
5569185
3126805
1918705
1952135
2292645
3451325
5357335
1698048
5636785
2074665
5387365
5320755
1045308
4047605
4920845
2053175
203236
655205
5270425
2390545
5597035
4275225
5476265
5476275
1133528
1910285
4962565
4962675
5124565
1083638
2218425
5534135
5108155
5337145
407695
1955765
5084245
2159415
329975
2327025
4203265
4198975
4940965
656505
1610298
3510065
4964905
5632585
1950415
5388915
5268635
4930795
2262605
4967935
4543875
2340435
2456555
1980145
2239345
5270465
762945
5593985
1950715
4745235
5118945
4767685
5590845
5488845
1948435
880485
4451385
2519185
4969605
2649425
1925885
819385
2073275
5271265
4433935
5603365
5337115
1584238
5672915
5311515
4974395
5540055
5537305
5359885
5595215
3517055
5271185
1837868
3501345
5633305
5637105
4996535
5634165
4418025
2212365
3896575
2173265
4962655
5512595
4767915
5590105
1033358
4675495
1528058
5166305
5525075
1238218
5636555
2227135
1006425
3502725
5665585
4517695
5583725
2803175
2688635
2070305
3550635
4942265
5601475
4096385
1489048
2384185
5269115
3943545
2632965
2446865
2337505
772355
2166315
4526855
2201705
4089585
1052378
4669695
2012635
5192995
423505
1066108
5120585
2557595
2337305
5568675
4723335
2241275
5270985
5663085
4436865
5577175
612465
2067935
4975445
5640325
95545
5536735
5270955
5469325
2337335
3434405
1822638
5440685
2150675
5568855
5336995
1207798
4432795
1254208
2607265
5596425
2175775
21864
4970955
5347405
2068625
4969435
1482548
5223255
1752078
2074705
5311625
5569055
4747455
478455
5536205
5636105
5536515
4966025
2643765
2550815
575165
2320165
5417655
4982115
3948855
4270785
285355
498335
5231835
4735395
1030418
2330635
5634715
3559635
4712815
1950145
5560875
2613215
5363515
1952985
5638525
754835
2145815
2227935
986695
4974595
5001055
114822
4542485
5595605
5538185
5599265
2465055
2597475
3969405
5636505
5569285
1913035
5084235
5271675
4980545
5126995
4511285
1950235
4020765
3960105
3639265
2641395
5033345
5328505
795095
1256348
2303765
5403025
2646945
2784085
2436245
2619945
4978105
2637755
4778025
1172218
2055165
4470685
5541485
5497245
5599455
5343355
2003065
5281025
265205
1367348
4042175
524815
2550635
1201218
5067395
4620375
1914475
4942595
4677415
2646775
4679365
2516415
4865425
2225075
108002
5440645
4543195
5534595
5317795
5494055
5638755
5636945
5602285
4063565
5534625
1877495
3471695
5633815
5536575
5363285
2544465
4423135
3661815
5634605
5568245
632485
5671195
5525445
2228505
5455225
1267658
5485325
1947505
2493965
4088495
1954425
5590555
940115
5592965
2339085
5192905
4995835
2119965
4541145
4281485
1393528
1646448
469865
5606525
5084975
2070995
5332735
4462175
5315455
2287095
5279985
4309765
5597305
5399055
5541825
2070635
1914105
2271145
5606435
74924
5090665
1326198
833925
2194425
3692295
1837448
1090898
4837475
40614
5655445
4969295
951245
1739228
5083465
5604325
5049125
1131288
5080845
5350995
5093775
5235725
5442095
2647855
4428395
3329805
1626718
1979755
1947315
5210425
5280955
4056765
5336905
5518875
5542035
3583915
5633465
4201575
5488905
1727028
1527928
388945
2153275
1307108
1517538
2274575
247776
868935
5370765
1959715
1285008
5536935
5551885
3663315
5672985
5597005
5294235
5271645
65644
1978355
2073565
5569125
2173425
4213185
1865038
2196505
1709368
5091395
867625
5634475
1955235
5551705
1307428
2309135
5402275
2344255
5569615
4511875
4841115
2572855
1925785
2073325
1778768
5516575
5333095
4531445
4518035
1956755
1946615
5536765
954355
5589415
5088205
1424978
1857278
5638745
2559875
5668475
4198005
5311535
446155
2003365
5598235
5549285
5463095
947055
4183405
2398515
2073665
1387498
4602515
1473158
5536545
1462678
5597665
5615915
5270755
4776115
5603565
3484135
4596855
5589365
2355545
4976315
2462395
4840625
2336955
5636575
2602075
4980615
5596975
2010195
2879475
5455715
4000065
2579255
4042775
4618045
2464875
2606525
1961965
2074405
5665715
5455915
5406095
5085865
526485
4449145
4976275
47974
1067038
2577305
4975105
4056795
5004575
5535535
1748928
2221775
5354955
5337055
4966325
2395315
4975005
4620505
5270505
4511405
1494748
2640345
5270345
5635355
2072165
2414125
5445915
2633905
5058545
1655568
1840998
4442225
4046475
5085875
786175
5270565
1139938
5606225
5665565
1757728
2040335
2339385
5672095
92780
5671015
1952435
1373238
4466395
2492555
3893405
5317845
1038815
5543075
5222445
2089625
2576625
2453325
2438095
5271005
5416015
2171105
1946325
1958605
5671945
2107865
3723405
5637055
1013755
4439095
2301905
2653405
5020205
2704335
2310585
5441345
1494118
2074925
2367375
5596685
2406775
2643915
2264815
4040885
4902465
2074645
281445
5634505
5603345
2315495
1184938
1954145
4648785
1979765
4969395
5628035
5269135
4686575
845585
1628308
2165795
5534225
3588885
3960375
4979535
1952325
4969785
2282065
5270485
624455
367935
2171865
2527445
925105
5604055
1633448
5192715
5518825
4130395
189616
2160325
2283155
5118235
5568295
4978045
4976175
2338995
3121985
4970935
928495
4967065
5008255
5318225
5632635
1915005
5603415
3488295
1412308
4705065
2395475
5534035
2177255
5337195
5317465
2707265
5170145
5414385
1834728
5086295
4731245
5597515
113062
3510725
4970005
4974365
5284305
1083248
2339665
4710305
2393645
5634185
3912525
5270995
1594518
3501835
5311895
3729415
5665635
2647725
605555
5594105
4862685
5672955
2454235
4980475
2283315
5637185
5665655
993505
5599115
527895
3962465
4223625
5270725
2498795
5553135
3588225
4057755
5672475
1079958
5271015
2574495
5417135
5284325
5609695
394865
4073335
3670025
2073345
2354735
391045
5267285
5001725
3336055
5536815
4284385
2072365
4431025
829705
5569575
4966695
5194355
5545105
3534345
1744798
5269165
2072475
4970065
488695
1496078
219936
3683905
5665845
5102035
811175
3549525
5507045
815665
2599795
5549305
532285
4974205
198536
475125
2175745
1793938
5074225
1913585
5363765
2576705
5490065
19434
5270785
4530875
4276235
4969765
504305
4972245
5541915
501965
287585
2144165
1469858
5665505
1949615
4439325
4729615
5638135
2575055
5643585
4440085
2402555
5112615
5402345
2020715
5403605
2520295
5295935
5636775
1008115
3777445
18114
4964215
2542785
5077715
2644265
1946415
2145935
5594975
5568505
5085365
5518855
1947435
5125775
5665525
4718835
5637675
5084275
4789215
1953215
774125
1957785
5280105
909565
5636745
4710715
1190438
2926295
5634025
3742095
5271655
1360728
2012665
5541365
1880385
5152405
5539965
2100265
2615845
1847678
5636175
5517195
4416285
2006965
2111985
355935
5550675
5637795
2068145
57604
4963295
5632935
2453795
1191498
1896565
3962665
5490635
5665595
4611055
5601645
5637045
1142078
1986575
302935
1373828
5634325
5638845
5665775
5271115
58834
2641615
5672845
2335885
5635855
5633485
5538655
2567175
4175955
4964505
2344265
2443385
4972495
5594425
5430365
3897915
5271235
5632295
5671085
2597485
5175525
5666225
404615
824665
1962275
5602255
141494
5022355
5592205
5497075
2529795
1453568
5270575
881925
5016795
4059665
2340285
2461545
2072425
5405085
1220568
5321255
5225955
4415355
5596885
1948075
5455485
2173755
5101945
5649915
5311495
5086315
4574975
2281615
2067095
4503055
296055
4060665
5540245
5128905
3997235
2598535
5671055
4966785
2052385
4532335
2785725
5595955
5525345
3963145
5636415
5670135
1174988
4415755
1451238
4696865
1952695
3412665
117572
5535675
5140335
2557155
2550755
2196005
3962225
5433545
1844998
2356125
3382365
858035
5665485
2072355
5536505
5637995
2016665
5672935
2316705
266365
4975055
2101705
1178568
3556715
4489435
1616078
5088375
3332375
2614235
5376655
3893395
4910295
2649935
583615
1953355
1167298
5315595
244966
5271105
5638375
4207015
2196205
2306325
1205048
5067725
2625755
5637645
1127678
5336725
5534665
1175298
5319765
2315435
1477128
131534
5088215
5050065
3533805
5402395
584335
5493485
3307125
2195265
2144015
2406085
2195245
3244765
5537275
794635
5634815
3713395
2709105
4444915
1947595
5657265
5665455
4962575
356975
1498968
4440235
1353718
117352
571715
3989825
489225
5607355
5633045
4839425
2336075
2398335
2119945
5507115
2072495
1450918
5382095
511165
5065675
5540225
4970375
5271225
5636425
267545
650755
4969695
5670225
5557265
1942435
5090545
1079078
5634055
4974455
5590655
1459518
1601438
5376195
277245
5164065
5271025
1913255
5592785
5569675
5634295
1953705
3511565
4743925
955095
1430798
5089845
4684655
2244305
5593145
1953495
1924465
5417665
802705
2177335
2480365
4963365
2576615
5008215
2362505
5569655
5240425
3469455
2226115
5634635
3776445
2339025
5336925
5563675
4277445
4519485
1809568
4969655
5402325
339225
5670175
4968295
4519085
2175215
4943865
5317535
5594875
5236585
3436015
2464125
5601575
1950785
5357165
1338768
2562275
5665675
5636325
5594375
4966005
1951135
4490535
1950315
598905
2190525
2811835
1707258
1233218
2196595
3893435
3960845
5630895
4584285
5523355
4980565
5636345
5596825
932105
5665395
1920585
5534635
557525
5509785
5058125
5557295
5281805
2633875
2196015
1957265
5090305
2172115
515645
4430025
5151105
2576785
5332945
5596185
2120145
2069475
5281595
4239225
4631665
4552485
5317415
5441285
5637575
2074775
3533605
799925
1266718
1232658
3822725
305665
4831885
2008095
4414805
5083565
1952755
5136865
878085
1799388
4704705
5235005
5311575
1803438
4978035
2879355
4518955
1762068
1134978
5270315
1518118
4942505
973395
4497195
5595275
5597045
538775
3777865
5592975
5632795
1232528
2450355
4534675
1882675
373165
3475835
5278155
1022818
746635
5541815
2588835
5597975
1724788
2030045
1063968
5632575
4964135
2498745
3518255
1177748
2022845
3658935
1953615
5591685
5525285
2219005
5229045
1492258
5665645
4426345
5084395
3505465
5603385
5336785
4967725
2117885
1671148
5091435
4491145
5638625
131644
4965885
570475
312105
5634615
5592525
1675398
4964435
5590515
4831195
4974445
1915395
1174768
791425
2037785
2551405
5599695
4544685
1954305
1114258
5524955
2074695
4203185
3092135
5639265
4671825
4976545
906035
4954165
1946025
5218645
2074305
4020265
5665515
4967035
2987845
2356145
2018295
1068678
399385
2277205
5446075
2454695
4509215
5637695
5611405
5632335
1185248
5632535
5636755
2633995
5402025
539925
1768488
2454925
2643035
4696745
1820568
5550435
3896215
3701495
3534875
182316
1668298
5538575
5466565
5420605
5534145
5674225
2073115
1495708
3988905
35564
5118215
4042685
4096635
5329405
2335905
583705
4612595
187856
5637535
4107185
5270525
2658885
1689348
4951815
232286
239666
1368178
1518648
5514165
4982805
5636535
5513135
1816798
5597845
5560215
723135
5271615
5597635
1953095
2528025
5227635
5299315
4532715
3320065
2165165
833485
5592575
5540105
5342145
5333365
1229858
3970445
4965745
4684855
1382758
5502325
1947705
2445085
5337135
2340235
2022215
1412778
5606465
1951105
3506365
5384775
216836
5318155
3606325
5315485
5089635
4389355
4716545
3232875
1127778
1863648
4679775
3309445
1694808
4800495
2690635
5636595
5665825
5672055
5221915
4441345
5604045
3960305
1962635
4416045
8004
1518928
5633615
4969905
4976935
5633125
203036
5602165
3792435
5525385
4429725
516985
2540945
957685
5636885
4974215
2262195
5270775
4209875
5193735
5336715
5379425
1256208
5636655
276795
5315535
1527938
1972565
1953625
2172135
5536915
5601685
5284315
2225695
5594535
1519918
5596805
2508495
2459835
5630835
1956955
2467525
2197515
1130668
2013865
5349395
4802475
769885
5551095
514605
3351895
1229758
5665575
1989955
223496
5633105
2338065
5671645
5271065
1936825
2405865
2173345
5531725
5635315
5302125
5603745
5271165
5501345
5607295
1955955
5540325
4919605
5665615
282455
4202845
283725
5405655
466585
5634745
385335
5270635
1191938
2599135
2673675
5655465
5405105
1947715
4975995
3798745
1396038
2341135
5336705
200946
5513175
2878665
5097795
2606985
5094215
2517375
3504055
5405715
5231675
4716255
1381748
1739628
5085035
5270305
3125735
2340355
4834725
5602445
4430225
1956055
1908055
5671965
2037575
4549495
5392645
5076645
3915455
5473235
4975015
2073045
5596605
4964165
4222135
587925
1112658
933485
776645
4712195
1795578
4459125
4967185
2420335
5632775
1183728
5672835
5192255
5598545
5090805
2073595
4720055
5343345
2601205
2637915
3894125
5597885
5629395
2569005
2598355
4776375
5128425
285375
5284605
2457275
4438895
5596575
2036875
2069655
845595
5090025
827675
4963265
1526988
545585
4221525
1419088
4966225
4469125
2271165
2785405
1956445
4059445
1002395
2066715
5232205
5548505
4976335
5607245
5536965
1546688
5672025
2595795
3890735
1953835
342935
4254625
1805978
5336945
5633135
5318175
5023135
216826
2338775
5549245
5311545
1922415
5634035
724215
5264585
2176535
5281915
1957455
2543875
1102818
5569205
2336785
5271045
4261995
5336835
1181728
4275825
4755035
4977815
5381425
4418115
1119968
1601288
1167678
1955585
2158755
5270405
2586145
340925
2351005
1707058
4785295
5002695
5662735
5633605
744215
2263855
4969595
4824555
2605155
2465535
4976745
1967725
2418605
2282945
609915
1937235
2561465
4720145
3511575
1716418
1080558
4037115
1996595
2102735
5633145
2712445
5604015
1743928
5550535
2901235
5670265
2053725
2008115
5275865
5551015
4120065
3476325
5606875
1189108
2647395
2050595
1506788
2454665
5376775
5537235
5538455
2195805
5084745
4934115
4528985
5638815
4519515
2464445
1291508
4279405
2642955
1933555
2440765
5547715
5270705
5343365
4908125
1926515
5317435
5056165
5271055
2075675
2409585
2149255
878115
2338385
754935
4778655
4270525
4142435
2647675
2049635
590145
1948425
553905
1524648
2461145
5632715
4638685
2650655
4424915
5596255
38694
5538445
4220435
5317505
2460005
5090985
1029598
1921625
5569035
4974435
2009175
927655
5534045
2591315
2032055
2520735
5296965
3433785
926245
5270975
5573275
713375
4462885
5311585
2887575
2344315
4970435
5317485
5547725
1732988
3438015
2528495
3617535
5313955
4542825
1221158
5636215
4969425
3533685
855535
3964495
5665465
5377195
5317965
1632518
727645
4418125
5672905
2879855
5633685
5633015
3902605
1285308
4137045
1172708
1948885
5334825
5633875
5632495
2644505
5636995
2306675
5645875
5636005
1883265
5635845
2072435
3817205
5607475
5524745
5088015
2467345
2036095
5601565
4966925
5106135
5594685
5536855
2201495
85386
1887635
4970225
1948545
5271195
5541865
3631015
5279095
2349285
2643845
5271155
2460165
2173975
1988415
5427065
1707088
1489108
5363425
3513505
4295055
445575
5633985
5635205
2337605
2643755
5596955
4457385
4505375
1493638
1351528
4122885
5633455
2340755
5270585
5561705
2679235
4284
1682968
5634355
5085075
1965205
1181438
1688258
5461285
123404
5066555
1946445
5518795
5569065
1914025
4000305
1250318
4967125
1517288
5634275
4416465
3385505
1726408
4043055
3894455
5270455
5632905
2337615
4999115
5557975
5634105
5596225
5633575
2646755
2037135
4584315
5356815
619935
2273485
4950875
4102335
3624785
5327385
5637825
4422425
3503065
1969365
2379655
2336155
5194575
2354255
479385
924535
281855
4067915
5317625
5318045
2227645
1077178
4662925
2335235
5568095
2601225
1948685
5615735
5569025
2577285
1524878
1470188
2177215
5313215
2465815
4111395
1956245
3520715
5054715
1962765
5632435
4975755
5672325
1956105
5636305
4075715
1713048
2173685
4326745
5145955
4590365
5670305
802615
3523415
1724038
2319205
5271175
5160085
4181525
5634045
1356078
598925
4106765
5317565
2568115
3608245
628745
4923165
5270445
5636435
5665705
5425895
2586205
2198135
5270365
113652
2145995
5460005
4125105
5596435
1704768
5401395
5549075
3486205
5638065
5393795
1755468
5637015
5636725
282995
2456085
895845
1233158
5583905
1949725
2521195
5637275
961875
1776558
330135
5221035
1946705
5589395
5672965
5270665
1945885
2642935
2522085
5594635
1437508
5270645
5603715
5580975
2067395
5016645
5086095
2576545
5270435
4462035
5670205
1808288
5271145
5315605
2591665
5091065
4969405
1870648
5590795
3656975
61344
2411865
2302375
2092005
3971615
2548815
4971485
5186495
2227245
1949505
4326395
2465385
889835
4965985
1920515
1636128
2180255
2075595
5601145
5634395
2968005
5606445
5085335
5409925
5601535
5552225
5233025
556665
2098335
4971035
4866015
3513905
5597475
5579145
3101145
537505
3118895
2392525
5601585
5589405
876855
326945
5632645
1321958
5363465
5360015
5633405
2710295
5541935
444495
229716
3041825
2514525
5672925
5417705
413265
5311635
5261155
1862388
5670285
5633665
4779175
5552215
2621755
1579028
240106
3937425
4467065
2460035
1575638
5318145
1271478
5536895
126724
5665415
696995
5632735
2594255
5402315
2354965
5134605
1948875
4969335
4148445
5594745
5508035
5636975
514325
2019845
5595805
5363785
5671225
5632595
5569935
885785
5634785
1003435
7604
4951805
2406585
1915155
5405365
5536565
1263078
3384375
5541925
5281715
5271035
